1364
1614
1676
1762
1764
1771
2701
2730
2733
2742
2750
2761
2818
2852
2875
2885
2914
2924
2968
3024
3031
3044
3072
3162
3193
3200
3210
3216
3221
3249
2451
2472
1883
1899
1918
1924
1937
1998
2033
2043
2073
2077
2203
2229
2278
2281
324
428
521
561
672
674
744
785
807
813
819
901
913
914
915
1032
1142
1143
1144
1145
1146
1205
1218
1273
1322
1435
1603
1609
1612
1615
1616
1756
1761
1765
2610
2642
2668
2720
2725
2738
2762
2838
2905
2926
3032
3038
3056
3057
3061
3079
3129
3206
3274
3288
2313
2388
2390
2393
2395
2397
2399
2401
2408
2445
2481
1880
1896
1900
1925
1936
1960
1996
1997
2000
2029
2030
2035
2042
2047
2061
2074
2166
2180
2201
2220
2222
2223
2267
2280
30
93
97
165
325
390
436
437
541
575
578
585
659
660
661
662
669
673
675
688
693
716
741
745
750
751
758
759
760
761
762
763
786
795
805
809
826
847
855
886
893
900
916
921
927
933
939
944
945
1037
1055
1063
1069
1090
1102
1117
1153
1156
1163
1179
1180
1193
1201
1255
1280
1286
1311
1319
1325
1327
1359
1363
1372
1374
1427
1430
1436
1533
1535
1539
1606
1670
1750
1751
1752
1753
1754
1758
1759
1763
1839
2608
2609
2617
2624
2633
2643
2644
2658
2659
2669
2670
2686
2721
2731
2732
2744
2770
2791
2814
2832
2840
2848
2856
2862
2869
2891
2915
2925
2965
2970
2985
2986
2987
2988
2995
3009
3020
3021
3025
3026
3027
3028
3033
3045
3050
3053
3058
3059
3062
3065
3067
3073
3080
3087
3090
3091
3097
3111
3125
3130
3144
3147
3154
3160
3163
3166
3201
3207
3241
3244
3250
3260
3282
3367
2283
2414
2444
2449
2455
2474
2475
2476
2479
2480
2486
1865
1884
1897
1919
1928
1929
1938
1939
2001
2002
2003
2004
2009
2013
2044
2046
2162
2163
2164
2165
2168
2185
2186
2204
2218
2224
2227
2268
2269
2271
2282
3
94
166
219
326
358
427
434
435
505
506
522
562
566
570
571
574
580
583
586
588
640
642
646
650
655
663
689
711
714
731
734
752
802
822
828
830
857
862
867
869
887
888
894
905
910
934
940
946
949
951
952
959
988
1026
1034
1035
1036
1042
1061
1073
1074
1078
1099
1139
1159
1182
1194
1199
1206
1209
1217
1219
1232
1234
1241
1243
1253
1268
1274
1278
1287
1315
1324
1326
1328
1334
1349
1366
1367
1422
1444
1477
1531
1534
1540
1602
1610
1611
1613
1667
1674
1748
1760
1768
1779
2533
2596
2605
2612
2645
2664
2671
2687
2694
2722
2726
2729
2737
2739
2740
2743
2755
2763
2777
2819
2824
2849
2854
2857
2860
2863
2865
2887
2895
2902
2913
2916
2957
2996
3010
3022
3049
3052
3060
3063
3069
3074
3081
3088
3092
3098
3131
3132
3138
3151
3178
3181
3192
3194
3195
3199
3202
3204
3214
3230
3235
3245
3251
3261
3275
3305
3309
3313
3338
2284
2382
2409
2416
2446
2447
2454
2461
2463
1853
1857
1920
1926
1930
1933
1941
1951
1971
1999
2005
2006
2007
2008
2012
2032
2034
2036
2040
2045
2050
2056
2167
2182
2219
2221
2228
62
76
126
167
321
331
354
407
438
448
500
501
507
512
515
555
577
581
606
637
644
724
732
738
764
767
778
782
817
835
840
845
853
870
882
889
902
906
919
922
935
936
941
953
957
985
987
1025
1038
1086
1147
1155
1161
1164
1181
1195
1212
1220
1221
1233
1238
1245
1266
1288
1289
1301
1331
1346
1348
1361
1362
1365
1369
1392
1431
1532
1601
1604
1607
1617
1630
1677
1739
1744
1766
1767
1772
1777
1780
1846
2536
2607
2611
2623
2646
2672
2684
2695
2702
2728
2734
2741
2747
2749
2753
2764
2773
2820
2822
2827
2837
2850
2858
2861
2866
2874
2876
2877
2880
2883
2903
2917
2958
2969
2973
2977
2981
2989
2997
2999
3040
3047
3066
3070
3094
3112
3118
3126
3134
3140
3175
3182
3196
3211
3217
3222
3223
3233
3236
3239
3242
3246
3258
3271
3276
3277
3279
3285
3323
3365
2381
2410
2443
2450
2452
2453
2458
2467
2484
2485
1873
1881
1921
1927
1931
1940
1946
1949
1965
1972
2010
2014
2016
2031
2048
2060
2062
2100
2169
2170
2199
2202
2225
2226
255
300
327
328
359
429
504
523
551
557
576
638
647
651
656
664
682
709
710
712
717
727
753
757
831
859
863
883
890
895
903
923
928
942
960
965
967
969
971
973
993
995
1030
1031
1039
1040
1043
1050
1060
1080
1103
1106
1110
1113
1118
1183
1196
1197
1216
1224
1242
1247
1260
1265
1281
1291
1292
1316
1335
1350
1376
1385
1423
1428
1536
1600
1605
1619
1621
1623
1654
1757
1769
1781
1785
1821
2534
2535
2579
2597
2600
2602
2603
2604
2606
2637
2647
2673
2692
2745
2746
2748
2751
2756
2768
2812
2829
2833
2841
2846
2853
2855
2864
2867
2918
2966
3001
3002
3007
3034
3041
3054
3071
3099
3116
3119
3135
3139
3143
3164
3168
3173
3174
3176
3179
3183
3186
3188
3212
3224
3234
3237
3238
3253
3267
3272
3278
3289
3291
3301
3302
3306
3324
3330
3332
3335
2285
2287
2288
2289
2290
2296
2302
2379
2398
2448
2459
2464
2466
2487
2501
2503
1866
1867
1874
1901
1922
1947
1954
1966
1967
1974
1975
1987
1989
2011
2018
2049
2059
2064
2065
2068
2075
2087
2089
2172
2175
2177
2178
2181
2230
2231
2233
2235
82
96
203
227
322
333
344
433
449
502
511
513
514
564
567
683
691
694
699
718
726
735
768
771
803
808
814
841
848
884
891
904
911
929
961
962
1045
1083
1087
1092
1094
1107
1121
1150
1152
1186
1202
1244
1249
1261
1279
1298
1302
1305
1314
1317
1368
1401
1437
1440
1537
1538
1552
1608
1618
1629
1742
1755
1770
1778
1782
1783
1790
1840
1843
2527
2531
2532
2537
2538
2613
2616
2638
2648
2663
2665
2674
2690
2697
2698
2712
2724
2727
2735
2736
2754
2757
2784
2789
2825
2847
2859
2886
2889
2892
2896
2904
2906
2927
2959
2971
2974
2978
2982
2990
3003
3019
3023
3046
3089
3127
3141
3142
3145
3165
3169
3219
3227
3231
3247
3280
3292
3304
3307
3314
3315
3331
3333
3334
3345
2309
2359
2377
2383
2391
2392
2460
2465
2483
2492
2497
1863
1870
1878
1902
1953
1985
2015
2066
2069
2081
2090
2098
2102
2104
2171
2198
2232
2270
2272
89
139
204
207
256
360
364
451
454
508
517
540
559
563
572
598
616
641
648
653
657
665
678
684
701
706
733
736
754
797
804
832
842
849
861
885
896
920
924
937
938
950
954
963
989
997
1024
1028
1033
1046
1048
1056
1075
1088
1096
1166
1215
1225
1227
1235
1257
1282
1306
1332
1351
1354
1377
1388
1424
1426
1432
1545
1547
1549
1624
1625
1626
1627
1631
1633
1635
1636
1652
1656
1663
1731
1734
1746
1773
1788
1813
1817
2539
2540
2549
2649
2675
2681
2691
2699
2700
2711
2758
2778
2794
2796
2815
2830
2851
2868
2919
2928
2960
2961
2972
3042
3055
3064
3077
3093
3101
3105
3167
3171
3180
3184
3208
3225
3240
3243
3248
3252
3262
3268
3297
3322
3336
3337
3340
3350
3366
2286
2303
2304
2380
2386
2396
2415
2456
2491
2495
2500
2505
2507
2508
1854
1856
1915
1950
1959
1968
1969
1978
1986
2017
2019
2022
2051
2057
2058
2063
2070
2086
2088
2105
2139
2173
2183
2184
2192
2273
2274
2
43
81
127
142
184
189
220
306
323
337
351
510
519
527
536
591
599
627
639
643
645
695
702
707
725
773
794
811
812
816
818
821
823
829
907
930
931
964
983
984
990
1044
1067
1070
1084
1108
1114
1119
1134
1148
1157
1187
1207
1240
1259
1312
1336
1352
1375
1386
1389
1393
1421
1429
1442
1551
1628
1632
1637
1657
1685
1726
1743
1774
1784
1791
1792
1818
1820
1827
2547
2583
2601
2650
2667
2676
2693
2707
2713
2714
2752
2759
2760
2772
2785
2795
2821
2834
2839
2842
2884
2897
2907
2920
2953
2962
2964
2975
2991
2993
3004
3096
3103
3113
3120
3128
3148
3152
3153
3187
3197
3254
3263
3273
3283
3312
3318
3329
3339
3344
3351
3356
3361
2292
2293
2295
2299
2308
2317
2320
2394
2406
2462
2488
2493
2499
2504
2509
1864
1871
1885
1891
1892
1903
1911
1913
1948
1970
1976
1977
2020
2023
2026
2037
2053
2054
2085
2094
2095
2096
2103
2112
2174
2176
2179
2194
2234
2237
2259
2275
61
111
133
148
440
524
531
546
569
573
600
604
605
621
654
658
667
685
686
703
729
730
746
791
806
833
892
958
991
998
1003
1041
1047
1057
1062
1091
1104
1125
1170
1184
1185
1188
1191
1208
1236
1239
1293
1303
1356
1380
1387
1390
1400
1425
1434
1541
1542
1543
1544
1554
1575
1634
1638
1639
1653
1658
1680
1686
1732
1786
1787
1789
1822
1823
1824
1829
1844
1845
2516
2541
2542
2546
2618
2655
2660
2677
2683
2696
2705
2710
2715
2718
2775
2781
2786
2787
2792
2793
2816
2823
2828
2831
2878
2879
2908
2921
2929
2930
2935
2947
2963
3011
3012
3051
3076
3078
3115
3121
3136
3185
3203
3205
3259
3281
3290
3298
3341
3342
3343
3346
3353
3360
3362
3368
2291
2294
2297
2300
2301
2306
2312
2315
2375
2385
2402
2411
2421
2457
2489
2498
2515
1861
1868
1916
1942
1952
1980
1984
1988
1990
2055
2067
2091
2101
2154
2240
2242
2276
100
130
145
158
180
199
257
260
537
558
565
582
608
631
668
708
737
820
827
837
860
865
996
999
1001
1029
1049
1051
1052
1053
1064
1076
1081
1097
1128
1160
1162
1167
1172
1230
1250
1254
1277
1283
1299
1338
1373
1378
1379
1381
1382
1384
1396
1439
1445
1446
1447
1448
1454
1546
1548
1556
1622
1640
1646
1681
1684
1690
1694
1729
1793
1819
1825
1841
2543
2551
2651
2678
2685
2688
2708
2716
2717
2779
2788
2800
2888
2893
2932
2950
2956
2979
2983
2998
3005
3006
3013
3043
3048
3102
3109
3110
3170
3172
3189
3226
3228
3264
3269
3293
3316
3347
3348
3352
3364
2298
2307
2327
2400
2405
2490
2494
2502
1862
1886
1893
1905
1955
1956
1958
1973
1982
1983
1993
1994
2021
2024
2082
2084
2093
2099
2107
2108
2122
2149
2156
2158
2190
2206
136
140
154
252
307
353
455
458
476
509
518
520
525
528
535
542
568
592
624
649
666
671
700
740
756
766
774
843
850
856
877
1000
1054
1093
1122
1137
1141
1165
1189
1203
1229
1237
1270
1304
1307
1320
1330
1357
1395
1443
1550
1553
1561
1659
1682
1687
1691
1695
1700
1735
1815
1816
1826
1828
2520
2522
2544
2545
2580
2620
2625
2634
2639
2640
2652
2706
2765
2790
2809
2835
2881
2882
2909
2912
2922
2923
2941
2944
2994
3000
3008
3014
3030
3104
3107
3117
3161
3220
3270
3308
3349
3355
2305
2310
2314
2378
2387
2389
2506
2510
2511
2512
2513
1908
1909
1912
1923
1957
1992
2025
2052
2092
2106
2109
2114
2115
2144
2145
2147
2148
2264
2277
128
143
151
464
530
533
593
601
609
612
617
628
634
705
779
815
825
966
968
970
972
974
1027
1085
1115
1131
1135
1190
1211
1275
1290
1300
1383
1397
1420
1469
1555
1559
1562
1567
1655
1683
1688
1689
1693
1696
1697
1698
1699
1701
1714
1724
1738
1745
1830
1842
1847
2517
2521
2552
2554
2559
2565
2615
2621
2622
2653
2657
2679
2682
2704
2719
2776
2798
2802
2931
2938
2954
2976
2980
2984
2992
3015
3095
3106
3155
3209
3213
3287
3294
3310
3319
3321
3354
2311
2316
2318
2319
2321
2322
2360
2514
1879
1882
1889
1914
1917
1943
1981
1991
2078
2083
2097
2116
2117
2118
2120
2123
2124
2157
2193
2200
2236
2241
2260
2261
2263
10
134
149
466
516
534
543
556
579
594
622
677
680
775
790
851
878
881
1014
1068
1071
1079
1089
1105
1126
1168
1171
1210
1294
1308
1337
1355
1466
1479
1558
1565
1571
1572
1660
1662
1705
1728
1733
1832
2518
2519
2550
2573
2627
2709
2766
2780
2799
2804
2805
2808
2810
2843
2870
2890
2898
2936
2948
3018
3029
3082
3133
3177
3190
3191
3284
3286
3299
3317
3357
3358
3363
3370
2328
2364
2376
2384
1860
1887
1894
1904
1944
1961
1963
2072
2110
2128
2130
2140
2150
2152
2153
2155
2187
2238
2243
37
101
113
131
146
225
465
472
529
595
632
676
704
713
755
844
854
1004
1059
1065
1101
1129
1149
1200
1222
1228
1258
1333
1398
1407
1449
1450
1451
1452
1453
1455
1472
1483
1484
1485
1486
1497
1498
1499
1500
1501
1557
1560
1563
1564
1574
1661
1692
1702
1703
1704
1706
1712
1719
1741
1814
1831
1833
1848
2525
2548
2553
2560
2562
2564
2566
2575
2576
2619
2626
2632
2635
2654
2656
2661
2666
2680
2803
2806
2871
2933
2951
3016
3068
3114
3122
3158
3255
3257
2324
2325
2330
2332
2336
2340
2344
2412
2427
1869
1888
1907
1910
2038
2039
2111
2113
2126
2146
2159
2188
2195
2212
2239
2258
2262
137
155
398
526
547
552
602
620
625
784
864
879
1002
1006
1072
1120
1123
1138
1169
1214
1226
1248
1262
1295
1309
1391
1402
1441
1456
1458
1459
1461
1467
1473
1474
1475
1476
1480
1482
1506
1507
1508
1509
1566
1570
1573
1581
1644
1648
1666
1675
1709
1721
1852
2555
2556
2557
2558
2584
2595
2598
2628
2629
2631
2636
2662
2767
2774
2782
2783
2813
2817
2910
2942
2945
3035
3083
3123
3156
3311
3359
3369
2329
2331
2343
2347
2358
2362
2365
2371
2404
2430
2433
1859
1872
1876
1962
2071
2119
2125
2127
2132
2136
2151
2160
2213
141
152
283
408
475
479
483
538
635
720
728
739
796
834
839
981
982
1007
1017
1019
1022
1066
1132
1198
1204
1246
1251
1267
1343
1358
1394
1405
1417
1457
1460
1462
1465
1468
1470
1487
1488
1489
1490
1491
1502
1503
1504
1505
1568
1569
1576
1579
1583
1620
1664
1665
1668
1711
1713
1715
1737
1836
1849
2523
2528
2563
2568
2599
2872
2899
2939
2967
3100
3137
3149
3159
3256
3303
3320
2323
2326
2333
2335
2337
2338
2351
2363
2367
2423
2428
2429
2436
1855
1890
1898
1945
2121
2129
2134
2135
2137
2189
2214
129
144
422
463
477
539
544
611
629
721
871
873
875
977
1009
1098
1136
1175
1296
1318
1329
1404
1414
1433
1463
1464
1492
1493
1494
1495
1511
1513
1514
1577
1649
1671
1678
1710
1718
1727
1796
1800
1804
1837
2526
2529
2561
2569
2589
2703
2807
2836
2894
2900
2955
3017
3037
3229
3232
3265
3295
2334
2339
2348
2366
2368
2417
2420
2422
2431
2437
2438
2439
1858
2138
2211
103
135
150
409
487
532
623
719
780
824
846
1010
1016
1116
1127
1284
1370
1413
1438
1471
1481
1496
1578
1582
1590
1592
1647
1672
1679
1707
1716
1722
1794
1801
1802
1838
2570
2572
2578
2581
2585
2641
2723
2844
2845
2937
2949
3084
3124
3146
3266
2342
2345
2346
2349
2355
2370
2407
2418
2424
2426
2435
2440
1906
2131
2207
2215
2265
132
147
243
368
370
488
596
633
722
810
872
874
880
975
976
978
1011
1012
1082
1130
1297
1412
1416
1510
1512
1515
1516
1517
1518
1521
1522
1523
1524
1580
1586
1587
1645
1650
1651
1669
1717
1740
1797
1803
1805
1806
1807
1808
1809
1810
1850
2524
2530
2567
2571
2582
2614
2771
2826
2873
2934
2952
3075
3157
3198
3296
3300
2341
2352
2372
2419
2432
2434
2442
1877
2133
2141
2191
2205
2210
2266
138
156
553
626
690
723
792
1018
1023
1100
1124
1252
1353
1410
1519
1520
1584
1585
1591
1593
1643
1673
1720
1723
1799
1812
1835
2574
2577
2590
2943
2946
3039
3215
2353
2354
2356
2374
2413
2425
1875
2142
2208
2216
40
104
153
491
493
554
560
597
636
852
1008
1020
1058
1133
1272
1285
1419
1478
1525
1526
1527
1528
1589
1595
1597
1598
1641
1795
1798
1834
1851
2586
2587
2591
2592
2593
2594
2769
2811
2901
2911
2940
3085
3108
3150
2350
2357
2361
2369
2373
2403
2441
302
715
783
876
1015
1213
1256
1339
1415
1418
1594
1642
1730
1811
2588
3036
3086
2143
2209
489
1021
1340
1530
1588
3325
3326
3327
3328
2197
545
652
1341
1371
1599
2630
2196
1176
1342
1529
1596
1725
490
1708
3218